1000
0 
1 20 567 
1 559 837 
2 649 290 751 803 
1 485 276 
2 77 600 851 515 
2 61 145 396 767 
2 56 814 382 944 
4 52 442 638 843 685 821 763 102 
0 
0 
2 55 294 910 720 
0 
1 95 538 
2 98 659 383 671 
2 737 853 841 252 
3 270 301 342 122 748 430 
1 565 777 
1 997 798 
3 2 567 433 303 476 366 
2 76 890 919 142 
3 553 957 657 333 792 116 
0 
1 805 280 
1 754 869 
2 34 434 496 862 
4 104 561 424 159 788 99 789 262 
1 461 231 
2 235 632 952 351 
0 
1 870 387 
0 
2 453 13 968 486 
3 26 434 404 499 570 782 
2 360 921 627 75 
1 733 220 
2 549 865 580 864 
0 
1 352 238 
1 774 854 
3 475 686 639 202 985 521 
3 148 804 735 501 849 579 
0 
1 730 505 
0 
1 355 212 
4 139 912 357 99 905 673 951 291 
2 364 40 634 646 
1 358 751 
2 411 633 763 600 
1 533 458 
2 9 442 562 273 
3 187 844 327 350 559 617 
2 716 620 782 417 
4 12 294 340 500 650 820 948 910 
4 8 814 593 614 924 555 959 8 
1 209 529 
3 68 655 326 720 530 620 
2 211 484 908 973 
3 306 659 310 835 363 175 
2 7 145 948 871 
3 199 387 236 677 588 571 
2 547 872 650 892 
3 221 805 606 715 905 613 
2 191 821 804 129 
0 
1 309 282 
2 58 655 785 310 
2 412 805 577 680 
3 135 957 136 368 257 871 
1 896 582 
2 393 976 763 80 
1 282 824 
4 213 54 381 602 820 570 913 220 
2 379 488 903 112 
1 21 890 
3 6 600 346 53 698 17 
0 
2 813 339 896 537 
1 659 651 
4 282 429 312 713 504 586 637 165 
2 514 39 660 707 
2 254 922 732 853 
2 333 769 446 108 
3 374 505 551 609 737 700 
0 
1 515 309 
2 683 749 916 843 
1 967 330 
3 400 973 401 701 405 192 
2 499 233 609 299 
5 308 61 429 70 671 660 788 327 816 990 
1 142 159 
2 120 956 383 503 
1 14 538 
3 776 856 935 85 974 705 
1 113 778 
2 15 659 457 277 
5 151 321 503 684 592 728 737 556 971 349 
0 
1 284 941 
5 175 853 607 294 792 811 912 974 930 868 
0 
4 27 561 242 906 733 383 921 507 
3 305 297 423 530 822 950 
4 337 732 345 529 460 535 848 610 
5 415 694 470 52 545 425 796 534 951 786 
5 219 160 258 90 381 113 744 946 855 579 
6 142 605 282 411 339 645 622 207 759 132 781 443 
2 667 359 1000 489 
1 722 985 
0 
6 97 778 126 469 286 155 318 28 657 167 763 670 
1 295 833 
2 769 533 990 166 
1 185 813 
4 551 837 742 265 773 571 976 536 
4 242 395 460 876 856 945 900 103 
1 871 429 
2 94 956 251 12 
1 172 47 
0 
3 326 153 714 1 929 472 
1 362 793 
2 312 974 494 952 
3 113 469 736 941 766 72 
2 427 110 690 590 
2 349 519 443 676 
3 296 419 706 275 946 773 
2 545 261 920 845 
1 169 74 
1 699 564 
1 336 863 
2 173 750 503 413 
1 70 957 
3 70 368 225 130 271 917 
3 583 665 652 733 991 605 
1 773 187 
3 47 912 551 528 948 194 
2 511 108 875 385 
0 
6 93 159 109 605 204 229 415 23 846 126 862 974 
2 245 590 854 491 
1 436 847 
1 199 188 
2 406 382 656 23 
4 219 255 422 200 592 704 908 759 
3 42 804 304 2 478 381 
3 785 988 947 52 974 711 
2 632 488 701 849 
3 99 321 353 768 650 53 
0 
0 
2 440 541 581 852 
3 678 240 718 487 909 262 
3 254 115 619 622 789 266 
1 452 530 
3 235 221 764 590 925 210 
2 407 961 706 452 
2 682 501 973 447 
1 216 886 
1 842 95 
0 
4 238 486 400 479 927 728 971 180 
2 486 760 741 591 
2 708 156 857 989 
0 
2 237 271 867 84 
4 131 74 275 391 524 607 764 757 
4 303 108 480 470 607 271 674 846 
1 869 121 
1 121 47 
3 134 750 433 417 684 690 
3 571 228 620 389 901 303 
3 102 853 430 861 616 156 
3 662 960 753 922 836 69 
4 193 356 326 397 520 772 913 576 
0 
3 357 97 532 537 992 200 
1 952 802 
2 230 367 980 719 
2 325 524 590 362 
1 762 735 
0 
1 116 813 
4 240 71 506 704 567 502 965 497 
3 53 844 509 544 733 36 
2 277 356 531 181 
0 
1 329 399 
4 65 821 221 187 378 325 619 386 
2 410 157 968 387 
4 177 356 196 48 576 435 627 3 
2 759 731 863 632 
3 217 425 316 932 484 912 
2 193 48 556 364 
1 495 841 
1 280 97 
6 62 387 145 188 527 941 534 392 537 244 587 740 
2 729 242 908 693 
0 
4 597 42 704 687 762 40 972 156 
2 652 879 746 659 
1 142 229 
2 775 714 944 313 
2 246 349 731 367 
1 868 136 
2 658 944 819 723 
4 57 529 468 852 828 637 837 515 
1 438 394 
1 59 484 
1 399 434 
1 74 54 
2 590 908 717 465 
2 285 901 634 659 
2 161 886 291 204 
2 195 425 793 673 
2 352 522 913 493 
6 108 160 147 255 336 635 339 181 489 944 916 763 
1 902 964 
3 64 805 191 187 342 244 
2 435 5 913 144 
0 
1 284 603 
3 136 130 565 32 609 341 
1 384 21 
1 959 104 
1 752 332 
2 238 583 423 449 
5 181 367 409 427 415 432 529 227 641 784 
1 371 552 
2 346 888 634 619 
1 750 766 
1 867 717 
4 29 632 158 221 373 827 1000 575 
1 62 677 
2 168 271 748 80 
2 164 486 229 583 
3 424 281 435 79 474 91 
3 186 71 678 576 785 5 
1 467 668 
4 104 906 118 395 404 143 492 49 
1 910 712 
1 944 164 
2 143 590 799 610 
4 206 349 417 851 767 12 882 507 
0 
0 
3 644 364 756 555 788 965 
0 
2 120 12 812 439 
1 960 718 
0 
4 83 922 156 115 499 537 819 412 
2 493 432 851 54 
0 
3 70 871 403 796 902 53 
3 108 90 489 411 592 688 
0 
0 
1 381 575 
2 618 853 770 792 
0 
2 303 472 934 93 
2 426 742 578 817 
2 663 77 953 899 
1 639 191 
1 454 886 
2 702 377 763 163 
2 17 301 554 32 
3 136 917 492 314 498 234 
2 356 867 525 139 
0 
1 466 249 
2 169 391 545 773 
2 701 603 971 105 
3 188 356 750 685 824 134 
1 334 268 
3 633 769 786 422 850 342 
3 198 97 687 253 691 862 
5 313 857 401 854 457 490 765 139 844 751 
5 73 824 81 429 109 411 364 945 960 855 
2 709 632 720 290 
4 101 941 224 603 315 858 663 527 
3 215 901 407 833 901 858 
7 113 155 307 706 458 746 514 298 526 328 704 551 991 818 
1 680 840 
2 537 522 831 374 
3 553 419 575 431 905 833 
3 589 852 596 889 746 853 
6 216 204 334 346 386 482 423 605 425 704 828 99 
0 
0 
0 
3 114 833 418 34 738 757 
3 129 419 334 647 856 723 
1 465 714 
3 423 926 814 253 823 83 
1 740 537 
2 473 865 962 260 
1 765 166 
1 931 654 
3 170 108 264 472 749 594 
1 148 2 
1 105 297 
4 60 659 663 915 672 984 708 978 
4 286 706 571 190 836 871 848 555 
4 92 61 542 488 711 448 844 462 
1 67 282 
2 60 835 893 599 
1 812 446 
4 81 713 125 974 780 416 868 955 
2 281 857 359 647 
2 429 706 979 481 
3 284 858 378 622 642 297 
2 195 932 568 703 
1 823 281 
1 113 28 
1 484 567 
4 662 523 742 35 797 301 832 824 
1 489 127 
1 478 24 
2 509 934 993 4 
2 499 617 751 286 
1 182 524 
5 58 720 123 153 177 397 637 994 839 713 
3 53 350 651 602 820 455 
2 961 336 972 364 
3 190 399 765 685 813 876 
1 774 961 
3 688 549 854 922 907 288 
2 372 319 915 511 
2 84 769 806 712 
8 278 268 291 346 296 647 532 353 542 804 585 137 589 467 694 782 
2 739 836 833 887 
4 133 863 219 635 380 723 743 628 
1 106 732 
0 
2 109 645 219 181 
3 55 500 464 165 665 863 
1 513 57 
3 17 122 221 244 758 751 
2 860 201 871 983 
5 627 179 698 8 820 45 849 927 900 570 
2 106 529 427 562 
4 77 53 232 888 385 531 831 86 
2 682 270 802 877 
1 683 829 
2 128 519 704 40 
1 671 891 
0 
3 39 238 218 522 646 311 
1 151 768 
0 
3 46 212 356 992 515 590 
3 272 867 355 992 939 855 
2 47 99 179 97 
2 49 751 407 188 
3 313 647 373 501 974 845 
3 35 921 697 394 824 64 
3 797 541 895 641 970 792 
4 124 793 822 847 840 544 959 430 
2 60 175 930 348 
5 48 40 282 945 574 49 733 677 762 573 
1 932 680 
1 754 294 
1 746 577 
2 884 144 893 747 
1 695 470 
0 
2 231 552 622 168 
3 332 319 459 437 550 480 
2 235 827 359 501 
4 85 505 453 935 491 815 799 582 
1 738 500 
1 869 381 
0 
4 191 325 315 622 611 75 926 453 
1 75 488 
2 336 723 859 734 
6 74 602 108 113 261 575 386 172 730 53 745 29 
1 8 944 
2 15 671 94 503 
2 226 21 453 63 
3 346 531 604 86 993 892 
2 291 482 381 172 
3 413 290 938 768 964 6 
1 423 933 
0 
0 
4 543 688 721 868 738 733 863 553 
1 948 2 
2 72 976 631 670 
0 
2 458 475 999 307 
6 7 767 503 61 548 432 706 183 854 857 921 35 
1 669 59 
1 883 675 
1 212 434 
2 90 973 164 479 
2 90 701 281 854 
1 478 826 
2 257 796 904 662 
2 34 499 242 143 
1 90 192 
3 146 382 418 135 672 513 
3 159 961 285 833 358 188 
2 635 969 710 906 
1 230 427 
2 192 157 902 341 
1 50 633 
2 69 805 666 679 
3 387 290 615 40 802 585 
2 597 726 798 969 
4 107 694 142 23 230 432 714 474 
2 601 817 764 754 
1 246 851 
2 295 34 406 135 
1 912 719 
2 778 71 942 773 
1 646 734 
2 147 200 903 231 
5 105 530 229 449 291 605 298 926 388 933 
2 27 159 239 281 
2 291 704 654 382 
2 265 742 529 77 
2 127 110 345 562 
2 555 374 781 441 
2 92 70 314 706 
1 175 861 
1 810 102 
2 470 561 837 371 
3 20 303 173 417 808 200 
0 
4 222 5 239 79 716 305 858 316 
1 144 847 
0 
1 210 394 
0 
2 154 541 771 462 
1 471 317 
0 
4 128 676 705 803 921 665 944 857 
1 595 315 
0 
1 84 108 
2 484 187 853 146 
3 512 193 667 32 923 677 
1 617 64 
1 539 699 
0 
1 157 530 
4 33 13 374 935 384 63 791 878 
3 268 886 561 892 824 425 
0 
0 
2 98 277 281 490 
2 286 746 395 475 
3 372 437 672 260 895 838 
3 106 535 118 876 729 919 
1 28 231 
0 
1 751 203 
4 340 165 586 98 818 460 920 38 
5 297 714 589 414 632 83 640 947 705 30 
2 274 249 777 880 
2 241 668 478 80 
2 209 852 473 130 
2 775 563 798 358 
3 107 52 432 561 945 434 
3 441 317 612 819 864 120 
2 855 225 973 869 
3 300 865 468 130 798 525 
1 239 91 
3 41 686 614 456 903 687 
2 20 366 799 88 
2 640 720 714 604 
5 148 381 322 24 402 826 467 80 900 589 
1 786 808 
2 170 470 867 299 
0 
0 
1 830 828 
9 195 912 319 567 447 187 485 300 489 736 519 565 588 787 633 545 973 598 
2 5 276 484 300 
1 165 760 
0 
0 
4 219 944 258 411 321 127 484 736 
1 998 306 
2 374 815 817 619 
3 242 49 271 314 499 113 
3 255 432 687 134 905 13 
1 125 952 
2 197 841 862 193 
3 26 862 565 390 575 764 
0 
1 271 234 
5 91 233 254 537 324 617 492 113 510 791 
1 655 713 
0 
3 702 373 807 189 853 174 
5 99 684 134 413 396 61 602 351 815 118 
3 81 586 624 912 701 791 
0 
2 186 704 832 8 
1 730 840 
2 556 843 949 844 
3 187 544 323 934 821 102 
1 499 791 
3 140 108 634 664 773 272 
3 448 193 649 24 849 806 
4 341 57 546 116 549 337 821 981 
5 82 39 286 298 597 393 684 924 763 264 
5 87 309 355 590 752 165 759 620 812 802 
1 898 751 
0 
1 722 603 
4 484 565 748 907 864 454 890 417 
1 177 772 
0 
1 559 115 
2 655 226 819 104 
3 169 607 683 802 721 645 
2 272 139 693 530 
1 286 328 
1 199 941 
0 
3 230 227 426 77 816 265 
1 58 620 
1 188 181 
2 179 537 334 353 
1 51 458 
2 199 392 912 579 
3 673 958 720 645 892 128 
1 969 105 
2 199 244 288 522 
0 
1 450 699 
2 625 242 665 425 
1 653 766 
3 308 488 334 804 719 471 
3 391 688 576 268 947 932 
0 
4 107 425 130 261 275 773 926 405 
1 513 116 
3 63 872 894 818 938 603 
3 396 432 652 734 876 545 
3 37 865 513 337 807 944 
2 372 480 658 471 
4 85 609 117 837 139 528 864 719 
1 659 186 
4 22 957 289 419 563 750 965 974 
1 270 32 
3 428 374 697 480 957 581 
3 196 364 508 843 964 524 
1 983 592 
2 767 570 896 661 
3 3 837 53 617 522 115 
1 763 231 
1 454 892 
3 52 273 644 653 743 907 
2 553 750 685 806 
0 
4 18 777 225 32 496 390 633 2 
1 865 869 
1 186 502 
1 316 703 
1 965 661 
1 34 782 
3 174 228 307 190 867 738 
0 
3 929 204 990 484 993 498 
2 364 49 597 270 
3 289 431 496 764 580 807 
5 193 435 543 268 633 789 796 197 901 447 
2 69 680 611 864 
1 265 817 
2 643 677 715 186 
2 37 864 575 807 
2 154 852 667 435 
0 
1 137 665 
0 
4 334 137 735 397 942 542 962 976 
3 464 98 794 326 973 985 
3 199 740 674 787 846 924 
2 62 571 484 787 
4 290 852 334 467 465 414 745 707 
3 182 362 214 908 696 221 
3 875 186 879 831 917 476 
4 99 728 147 704 258 688 626 738 
2 56 614 647 258 
2 715 61 956 373 
2 444 315 934 151 
3 290 889 615 633 670 125 
4 202 42 414 726 514 393 574 270 
0 
1 750 697 
1 968 284 
1 416 817 
2 503 351 905 946 
1 655 96 
1 385 86 
0 
3 64 715 634 864 766 997 
2 102 294 170 271 
0 
3 91 299 225 341 634 257 
1 709 87 
3 378 75 577 864 836 8 
1 471 819 
1 695 622 
2 475 456 754 395 
2 413 40 596 633 
1 175 156 
1 449 64 
2 262 853 934 134 
3 156 622 191 386 997 184 
3 174 389 725 599 947 913 
2 647 648 844 84 
5 109 207 371 168 712 328 806 658 838 522 
1 718 392 
2 504 912 890 747 
1 540 242 
1 592 738 
3 35 75 193 3 344 179 
1 991 166 
1 942 801 
0 
1 393 670 
2 150 488 465 83 
5 279 769 484 545 565 2 576 789 753 615 
7 48 646 215 659 232 619 511 664 606 864 609 257 894 760 
2 408 969 945 987 
0 
2 81 165 326 994 
2 9 843 720 305 
2 41 202 267 191 
2 465 947 477 720 
1 230 784 
3 315 297 649 173 711 235 
1 579 677 
3 249 364 562 653 788 663 
1 884 63 
3 352 311 421 734 702 984 
2 593 258 621 648 
2 743 310 988 264 
3 4 290 512 24 642 173 
6 55 820 63 892 151 53 690 805 765 704 820 746 
3 327 602 856 372 882 222 
4 137 733 203 879 548 734 989 439 
1 541 766 
1 425 382 
4 500 713 523 226 603 96 770 28 
1 146 23 
2 22 333 113 167 
2 208 944 550 471 
2 80 651 552 186 
1 82 707 
1 918 773 
3 176 960 320 523 946 719 
4 266 77 284 527 306 915 975 509 
1 684 894 
2 340 863 540 425 
1 412 679 
6 110 359 448 32 581 435 773 816 796 817 911 567 
0 
2 397 59 961 890 
2 596 125 966 561 
2 92 660 350 891 
3 306 984 406 513 459 260 
2 535 958 722 503 
4 170 846 587 787 832 289 889 240 
1 768 18 
0 
0 
3 155 240 240 576 728 943 
1 947 826 
1 287 840 
1 701 683 
2 160 501 347 270 
3 88 749 348 829 524 802 
6 173 690 514 924 664 894 700 239 720 874 950 776 
3 9 821 563 806 750 917 
0 
3 280 253 493 134 921 100 
1 331 549 
0 
3 127 590 650 805 702 642 
3 280 862 792 19 816 463 
0 
1 525 530 
1 334 782 
3 369 470 613 622 727 332 
1 590 221 
2 360 394 555 480 
4 77 17 344 8 757 991 847 90 
4 132 564 865 238 943 668 967 53 
2 684 239 925 341 
6 150 849 276 603 504 791 681 683 824 454 991 666 
5 269 377 502 373 646 984 690 642 802 609 
1 964 55 
3 202 687 286 551 349 40 
3 443 803 465 30 851 914 
4 129 275 159 452 396 183 803 95 
1 773 782 
3 166 156 306 978 967 438 
3 283 632 610 87 923 566 
2 408 906 793 186 
2 308 448 642 235 
1 622 328 
0 
3 123 1 415 474 477 604 
2 579 186 594 61 
2 54 620 435 305 
2 214 465 774 941 
3 155 487 623 392 938 410 
1 542 471 
6 283 290 535 645 638 305 684 874 728 441 840 592 
2 391 868 524 645 
4 111 985 518 603 673 503 831 865 
1 813 323 
2 966 774 984 232 
1 620 599 
0 
1 695 332 
4 678 943 720 441 742 27 765 114 
3 200 242 460 919 965 466 
3 44 505 381 53 507 840 
1 206 367 
1 83 853 
4 36 220 104 383 187 36 364 677 
1 924 676 
2 42 501 585 397 
1 126 941 
3 16 853 85 700 99 556 
4 295 757 375 500 391 733 777 761 
2 335 836 740 618 
3 299 537 739 618 959 415 
1 165 591 
4 117 265 320 35 728 27 981 450 
3 336 628 562 907 648 310 
2 108 946 915 649 
4 381 29 589 707 808 795 873 922 
3 203 659 290 853 367 577 
2 748 756 955 737 
4 17 430 237 80 519 907 747 756 
2 303 594 872 273 
4 233 766 277 685 599 697 685 917 
3 4 803 324 286 463 203 
3 228 332 515 165 912 360 
3 176 922 633 615 985 927 
3 25 869 366 294 614 395 
1 802 236 
1 249 555 
1 698 991 
1 342 751 
3 109 132 194 731 515 620 
0 
1 994 278 
4 183 735 202 40 364 573 833 731 
7 9 102 50 600 72 80 113 670 269 163 514 264 560 231 
3 158 590 169 757 416 754 
5 281 139 301 166 329 685 650 704 728 114 
3 126 72 606 997 822 710 
2 246 12 558 570 
2 675 18 838 349 
1 115 533 
2 262 792 655 28 
2 440 462 855 356 
0 
5 117 571 138 187 511 272 667 816 707 782 
3 40 854 330 961 717 941 
2 205 714 469 563 
1 96 856 
3 466 880 738 761 784 157 
4 420 71 824 602 855 369 903 854 
0 
2 312 416 911 614 
2 109 443 428 441 
1 54 417 
1 980 865 
1 777 157 
4 68 310 149 988 240 5 812 848 
2 279 422 479 808 
1 808 413 
4 27 99 92 327 249 965 644 663 
3 27 262 156 266 969 505 
0 
1 453 878 
3 22 116 102 811 691 19 
2 217 673 710 186 
1 586 326 
0 
3 107 534 576 197 667 817 
2 320 301 361 541 
4 414 969 469 358 473 525 887 445 
3 245 610 374 582 476 88 
0 
0 
4 347 877 413 585 702 609 755 236 
2 706 95 983 140 
1 65 129 
2 24 280 934 97 
2 333 712 622 658 
3 502 189 549 944 937 100 
4 433 200 745 795 787 413 974 116 
1 907 738 
4 431 102 875 37 879 477 919 261 
0 
5 251 439 311 446 515 802 785 848 938 199 
3 79 339 329 876 723 323 
1 298 253 
2 503 118 933 191 
3 92 990 529 265 691 463 
1 491 619 
2 464 460 833 341 
3 208 723 254 412 523 104 
4 74 570 327 455 344 45 650 746 
3 509 102 513 981 916 833 
3 105 950 362 847 766 710 
2 298 83 317 281 
7 277 134 360 64 454 425 701 454 778 602 917 175 932 587 
0 
0 
0 
2 209 637 291 99 
0 
1 483 828 
3 288 374 346 86 722 865 
3 320 824 506 8 674 289 
3 335 887 762 731 818 341 
0 
0 
3 176 69 307 871 611 8 
2 209 515 432 371 
2 622 522 768 349 
1 326 713 
4 362 544 720 592 896 709 975 149 
1 16 252 
1 162 95 
0 
3 281 751 308 462 621 84 
0 
2 142 126 587 924 
3 698 90 883 102 886 186 
2 106 610 307 555 
3 42 579 344 927 512 806 
1 279 342 
3 6 515 255 54 705 914 
0 
2 447 146 502 174 
4 143 491 331 922 396 857 907 444 
4 108 579 472 225 771 356 778 369 
3 118 945 296 723 651 372 
1 166 989 
2 435 316 859 896 
2 380 734 858 896 
1 343 201 
0 
2 142 974 495 193 
2 194 632 391 553 
4 471 120 519 454 551 719 874 909 
2 566 869 699 238 
1 966 126 
4 168 84 234 717 480 299 571 738 
2 207 136 312 955 
2 171 121 376 381 
1 31 387 
2 119 429 343 983 
1 749 273 
1 745 922 
1 864 909 
3 140 385 591 186 810 37 
1 548 545 
0 
1 938 298 
2 591 831 810 477 
0 
0 
2 246 507 651 222 
2 398 675 847 102 
3 368 144 645 63 969 325 
0 
1 847 186 
1 798 445 
1 979 135 
1 674 240 
2 519 417 624 747 
0 
2 535 128 966 360 
2 310 599 368 747 
3 547 818 634 760 931 637 
3 361 641 459 838 929 645 
4 71 582 79 537 558 661 840 709 
0 
1 516 751 
2 945 539 962 886 
3 118 103 344 570 478 589 
3 174 303 285 858 576 447 
3 220 964 257 53 410 341 
4 75 112 422 231 475 687 778 854 
1 403 662 
5 47 673 64 613 289 833 493 13 602 946 
0 
3 331 288 809 738 854 444 
3 59 973 147 759 200 693 
1 155 262 
2 12 720 243 712 
2 667 567 780 614 
4 102 974 419 719 534 579 752 360 
4 74 220 177 576 218 493 222 144 
0 
2 332 511 744 649 
3 88 843 219 763 821 833 
2 591 476 824 175 
1 661 773 
2 21 142 810 261 
2 130 845 464 38 
4 104 507 396 35 443 665 687 100 
0 
3 448 677 709 566 946 365 
3 56 555 734 676 961 690 
4 158 210 700 341 938 950 997 285 
2 378 453 545 405 
1 164 728 
1 986 187 
3 123 472 573 204 895 645 
2 102 868 363 348 
3 302 654 894 637 965 715 
2 365 680 824 587 
1 815 191 
4 264 93 595 151 618 134 805 97 
1 96 85 
0 
1 807 100 
6 387 768 547 603 718 410 812 199 878 298 925 950 
1 356 855 
0 
0 
3 420 773 585 542 629 801 
1 699 668 
3 205 313 244 164 443 857 
3 470 434 635 987 899 539 
3 129 773 662 719 923 365 
4 149 52 543 932 620 913 679 826 
4 55 910 61 871 139 194 392 2 
1 508 844 
1 684 776 
2 47 291 107 786 
2 29 351 180 802 
1 266 899 
1 990 134 
1 747 737 
2 594 373 971 401 
1 555 581 
0 
4 56 8 227 104 362 430 740 415 
2 252 718 282 855 
3 328 336 669 890 924 690 
3 300 260 585 976 899 886 
0 
3 387 6 556 524 703 55 
5 186 497 553 974 569 661 729 466 931 715 
4 670 561 724 774 866 126 892 360 
3 89 330 699 53 708 438 
3 33 486 192 387 600 284 
3 536 105 789 505 884 325 
1 361 792 
4 99 349 164 180 276 105 956 401 
2 202 156 328 364 
4 160 447 472 869 484 598 586 985 
4 96 705 149 711 359 845 808 116 
2 663 509 840 149 
1 117 536 
0 
0 
2 314 481 888 135 
2 181 719 783 865 
1 742 450 
0 
2 557 592 803 140 
1 724 232 
2 41 521 753 927 
1 928 187 
0 
1 648 264 
1 652 439 
3 115 166 573 484 954 134 
4 137 605 286 818 628 166 701 666 
1 179 200 
3 323 4 385 892 573 498 
1 761 278 
0 
0 
3 19 798 619 184 925 285 
1 490 306 
1 395 307 
2 110 489 235 575 
