100
2 12 70 22 32 
2 9 27 37 89 
0 
3 41 41 79 21 88 14 
0 
0 
0 
1 38 17 
3 2 27 41 15 44 14 
1 89 20 
2 48 88 88 11 
2 1 70 15 57 
0 
2 15 3 99 4 
4 12 57 14 3 42 18 100 46 
1 50 8 
1 64 14 
2 39 92 71 76 
0 
1 85 53 
2 29 2 68 100 
1 1 32 
0 
2 38 16 88 32 
0 
2 50 5 86 36 
2 78 56 92 6 
0 
1 21 2 
2 31 30 36 69 
3 30 30 64 21 71 82 
0 
1 38 14 
0 
2 55 75 69 41 
2 30 69 100 7 
4 2 89 47 12 60 89 80 59 
4 8 17 24 16 33 14 89 11 
3 18 92 82 88 90 13 
1 100 98 
2 4 41 9 15 
2 15 18 87 36 
1 77 47 
1 9 14 
3 48 45 85 42 93 22 
0 
1 37 12 
2 11 88 45 45 
3 81 74 84 94 93 45 
3 16 8 26 5 81 44 
0 
1 87 25 
0 
0 
2 35 75 92 90 
1 87 98 
1 86 15 
0 
0 
1 37 89 
0 
1 78 13 
1 93 96 
2 17 14 31 21 
1 90 31 
2 76 88 99 44 
1 79 4 
1 21 100 
2 35 41 84 15 
1 86 28 
2 18 76 31 82 
1 98 1 
1 79 83 
1 92 62 
0 
1 66 88 
1 43 47 
3 27 56 62 13 83 98 
3 4 21 67 4 73 83 
1 37 59 
3 49 74 50 44 91 97 
1 39 88 
1 78 98 
2 49 94 69 15 
2 20 53 45 42 
3 26 36 57 15 70 28 
3 42 36 52 25 56 98 
3 4 14 11 11 24 32 
2 10 20 38 11 
3 39 13 65 31 97 66 
1 81 97 
4 27 6 55 90 74 62 96 67 
4 45 22 49 45 63 96 96 83 
0 
0 
2 92 67 93 83 
1 90 66 
1 72 1 
2 14 4 66 44 
3 15 46 36 7 40 98 
